113413677 1 THIRD FARM CLUB final_bank 120889.0 overage_left 6.47
   (obs_step, day, hour, wall_s>=1+overage): [(192, 8, 0, 5.79), (216, 9, 0, 3.99), (240, 10, 0, 11.11), (264, 11, 0, 2.87), (288, 12, 0, 2.88), (312, 13, 0, 2.88), (336, 14, 0, 2.88), (360, 15, 0, 2.87), (384, 16, 0, 2.88), (408, 17, 0, 2.87), (432, 18, 0, 2.89), (456, 19, 0, 2.87), (480, 20, 0, 2.88), (504, 21, 0, 2.88), (528, 22, 0, 2.87), (552, 23, 0, 2.87), (576, 24, 0, 2.87), (600, 25, 0, 2.88), (624, 26, 0, 2.89), (648, 27, 0, 2.87), (672, 28, 0, 2.89), (696, 29, 0, 2.86)]
113454384 0 吃白饭的大肥鱼 final_bank 111129.0 overage_left 17.53
   (obs_step, day, hour, wall_s>=1+overage): [(0, 0, 0, 3.03), (288, 12, 0, 4.03), (291, 12, 3, 1.29), (292, 12, 4, 1.45), (293, 12, 5, 1.71), (294, 12, 6, 1.48), (295, 12, 7, 1.72), (296, 12, 8, 1.86), (297, 12, 9, 1.89), (298, 12, 10, 1.05), (300, 12, 12, 1.06), (312, 13, 0, 3.15), (317, 13, 5, 1.39), (318, 13, 6, 1.35), (336, 14, 0, 1.8), (339, 14, 3, 1.2), (340, 14, 4, 1.49), (341, 14, 5, 1.37), (342, 14, 6, 1.54), (343, 14, 7, 1.13), (345, 14, 9, 1.16), (347, 14, 11, 1.12), (348, 14, 12, 1.77), (349, 14, 13, 1.34), (350, 14, 14, 1.42), (351, 14, 15, 1.11), (360, 15, 0, 2.06), (363, 15, 3, 16.33), (384, 16, 0, 1.7), (408, 17, 0, 1.5), (432, 18, 0, 3.2), (456, 19, 0, 3.36), (504, 21, 0, 1.19), (528, 22, 0, 2.96), (552, 23, 0, 1.07), (576, 24, 0, 2.19)]
113413677 0 M & M & P & Q final_bank 126135.0 overage_left 22.91
   (obs_step, day, hour, wall_s>=1+overage): [(0, 0, 0, 38.09)]
113454384 1 Boey final_bank 116033.0 overage_left 46.62
   (obs_step, day, hour, wall_s>=1+overage): [(0, 0, 0, 14.38)]
113464564 0 Majkel1337 final_bank 94432.0 overage_left 39.12
   (obs_step, day, hour, wall_s>=1+overage): [(0, 0, 0, 21.88)]
113464564 1 DSM final_bank 114451.0 overage_left 44.54
   (obs_step, day, hour, wall_s>=1+overage): [(0, 0, 0, 16.46)]
113478044 0 DSM final_bank 118953.0 overage_left 44.17
   (obs_step, day, hour, wall_s>=1+overage): [(0, 0, 0, 16.83)]
113478044 1 Boey final_bank 121704.0 overage_left 41.71
   (obs_step, day, hour, wall_s>=1+overage): [(0, 0, 0, 19.29)]
113480864 0 M & M & P & Q final_bank 121085.0 overage_left 21.99
   (obs_step, day, hour, wall_s>=1+overage): [(0, 0, 0, 39.01)]
113480864 1 DSM final_bank 120886.0 overage_left 40.78
   (obs_step, day, hour, wall_s>=1+overage): [(0, 0, 0, 20.22)]
